Hello, world!
log diff: 0.3
mult: 1.9952623149688795
points: 1000000
points: 1995263
points: 3981074
points: 7943287
points: 15848942
points: 31622797
points: 63095776
points: 125892625
points: 251188811
points: 501187569
points: 1000000670
Table {
    name: "TrivialSerial_4096x4096_1000000_to_1000000000_in_10_steps_5_reps_each",
    col_names: [],
    rows: [
        Row {
            name: "1000000",
            elems: [
                0.0718849,
                0.0732565,
                0.0630302,
                0.062818601,
                0.0683354,
            ],
        },
        Row {
            name: "1995263",
            elems: [
                0.1050326,
                0.1068477,
                0.1181456,
                0.1286701,
                0.1250285,
            ],
        },
        Row {
            name: "3981074",
            elems: [
                0.250938501,
                0.2102369,
                0.2219852,
                0.2129363,
                0.2002971,
            ],
        },
        Row {
            name: "7943287",
            elems: [
                0.356889601,
                0.3672428,
                0.367260801,
                0.3613043,
                0.4186765,
            ],
        },
        Row {
            name: "15848942",
            elems: [
                0.744066601,
                0.722671401,
                0.6744179,
                0.667222401,
                0.6698804,
            ],
        },
        Row {
            name: "31622797",
            elems: [
                1.330151801,
                1.384494601,
                1.3070028,
                1.301560601,
                1.326593297,
            ],
        },
        Row {
            name: "63095776",
            elems: [
                2.786873194,
                2.730446493,
                2.586068798,
                2.591790601,
                2.563032301,
            ],
        },
        Row {
            name: "125892625",
            elems: [
                5.200427467,
                5.153005157,
                5.453032986,
                5.116753294,
                5.164446897,
            ],
        },
        Row {
            name: "251188811",
            elems: [
                10.238488597,
                10.190125306,
                10.168431717,
                10.218337017,
                10.162023103,
            ],
        },
        Row {
            name: "501187569",
            elems: [
                20.639438287,
                20.665318881,
                20.141008693,
                20.135179374,
                20.172175838,
            ],
        },
        Row {
            name: "1000000670",
            elems: [
                40.20095735,
                40.160083516,
                40.215189382,
                40.108571667,
                41.63421242,
            ],
        },
    ],
}
[69, 84, 114, 105, 118, 105, 97, 108, 83, 101, 114, 105, 97, 108, 95, 52, 48, 57, 54, 120, 52, 48, 57, 54, 95, 49, 48, 48, 48, 48, 48, 48, 95, 116, 111, 95, 49, 48, 48, 48, 48, 48, 48, 48, 48, 48, 95, 105, 110, 95, 49, 48, 95, 115, 116, 101, 112, 115, 95, 53, 95, 114, 101, 112, 115, 95, 101, 97, 99, 104, 0, 11, 7, 49, 48, 48, 48, 48, 48, 48, 5, 214, 131, 147, 126, 12, 103, 178, 63, 44, 44, 184, 31, 240, 192, 178, 63, 253, 11, 169, 71, 191, 34, 176, 63, 254, 30, 224, 60, 225, 20, 176, 63, 93, 185, 40, 196, 109, 126, 177, 63, 7, 49, 57, 57, 53, 50, 54, 51, 5, 166, 139, 3, 158, 106, 227, 186, 63, 41, 31, 39, 241, 94, 90, 187, 63, 123, 146, 42, 64, 202, 62, 190, 63, 228, 140, 188, 7, 67, 120, 192, 63, 32, 178, 72, 19, 239, 0, 192, 63, 7, 51, 57, 56, 49, 48, 55, 52, 5, 123, 139, 198, 91, 96, 15, 208, 63, 66, 202, 244, 240, 10, 233, 202, 63, 40, 23, 25, 211, 2, 106, 204, 63, 161, 204, 80, 38, 127, 65, 203, 63, 248, 231, 253, 218, 85, 163, 201, 63, 7, 55, 57, 52, 51, 50, 56, 55, 5, 148, 245, 36, 123, 71, 215, 214, 63, 6, 65, 236, 241, 231, 128, 215, 63, 248, 116, 89, 114, 51, 129, 215, 63, 248, 221, 25, 18, 156, 31, 215, 63, 190, 163, 198, 132, 152, 203, 218, 63, 8, 49, 53, 56, 52, 56, 57, 52, 50, 5, 127, 232, 170, 194, 100, 207, 231, 63, 133, 149, 33, 198, 31, 32, 231, 63, 177, 200, 10, 217, 212, 148, 229, 63, 223, 131, 238, 202, 226, 89, 229, 63, 158, 103, 71, 5, 169, 111, 229, 63, 8, 51, 49, 54, 50, 50, 55, 57, 55, 5, 2, 43, 64, 65, 77, 72, 245, 63, 128, 137, 140, 207, 227, 38, 246, 63, 163, 124, 156, 196, 123, 233, 244, 63, 231, 233, 112, 53, 49, 211, 244, 63, 54, 83, 155, 228, 185, 57, 245, 63, 8, 54, 51, 48, 57, 53, 55, 55, 54, 5, 236, 161, 82, 44, 132, 75, 6, 64, 155, 77, 183, 84, 244, 215, 5, 64, 161, 237, 132, 214, 68, 176, 4, 64, 97, 0, 235, 181, 252, 187, 4, 64, 208, 23, 59, 20, 23, 129, 4, 64, 9, 49, 50, 53, 56, 57, 50, 54, 50, 53, 5, 195, 240, 159, 219, 60, 205, 20, 64, 197, 188, 69, 98, 173, 156, 20, 64, 84, 132, 11, 225, 231, 207, 21, 64, 153, 184, 237, 44, 142, 119, 20, 64, 187, 44, 114, 196, 100, 168, 20, 64, 9, 50, 53, 49, 49, 56, 56, 56, 49, 49, 5, 248, 42, 105, 45, 27, 122, 36, 64, 241, 210, 166, 26, 88, 97, 36, 64, 142, 63, 152, 174, 60, 86, 36, 64, 218, 10, 151, 222, 201, 111, 36, 64, 178, 41, 49, 177, 244, 82, 36, 64, 9, 53, 48, 49, 49, 56, 55, 53, 54, 57, 5, 171, 121, 66, 58, 178, 163, 52, 64, 107, 78, 147, 86, 82, 170, 52, 64, 255, 226, 76, 37, 25, 36, 52, 64, 123, 108, 142, 29, 155, 34, 52, 64, 20, 95, 57, 183, 19, 44, 52, 64, 10, 49, 48, 48, 48, 48, 48, 48, 54, 55, 48, 5, 7, 18, 111, 248, 184, 25, 68, 64, 162, 236, 220, 157, 125, 20, 68, 64, 119, 17, 95, 83, 139, 27, 68, 64, 195, 132, 39, 173, 229, 13, 68, 64, 250, 78, 97, 223, 45, 209, 68, 64]
Elapsed time: 408.415534943
