Hello, world!
log diff: 0.3
mult: 1.9952623149688795
points: 1000000
points: 1995263
points: 3981074
points: 7943287
points: 15848942
points: 31622797
points: 63095776
points: 125892625
points: 251188811
points: 501187569
points: 1000000670
Table {
    name: "SerialMethod4096x4096",
    col_names: [],
    rows: [
        Row {
            name: "1000000",
            elems: [
                0.079812799,
                0.0700808,
                0.0659745,
                0.0651192,
                0.0667713,
            ],
        },
        Row {
            name: "1995263",
            elems: [
                0.1227989,
                0.128822699,
                0.168188197,
                0.127749997,
                0.117194398,
            ],
        },
        Row {
            name: "3981074",
            elems: [
                0.247970495,
                0.194356197,
                0.192113696,
                0.212979596,
                0.220253395,
            ],
        },
        Row {
            name: "7943287",
            elems: [
                0.393552093,
                0.388339592,
                0.374910793,
                0.373614993,
                0.474315991,
            ],
        },
        Row {
            name: "15848942",
            elems: [
                0.745858785,
                0.773385185,
                0.738491386,
                0.677608087,
                0.651238487,
            ],
        },
        Row {
            name: "31622797",
            elems: [
                1.29452328,
                1.305036593,
                1.265048294,
                1.264837693,
                1.276188393,
            ],
        },
        Row {
            name: "63095776",
            elems: [
                2.538186587,
                2.505357995,
                2.518068995,
                2.496231196,
                2.518516197,
            ],
        },
        Row {
            name: "125892625",
            elems: [
                5.068285597,
                5.011331997,
                5.029913899,
                4.97164341,
                4.958353812,
            ],
        },
        Row {
            name: "251188811",
            elems: [
                9.862545724,
                9.831679235,
                10.487375949,
                10.309646588,
                9.916304279,
            ],
        },
        Row {
            name: "501187569",
            elems: [
                19.867845086,
                20.235134788,
                21.730867501,
                19.702233105,
                20.687054294,
            ],
        },
        Row {
            name: "1000000670",
            elems: [
                40.656011069,
                40.328718965,
                39.329532897,
                39.850571253,
                39.21367828,
            ],
        },
    ],
}
[21, 83, 101, 114, 105, 97, 108, 77, 101, 116, 104, 111, 100, 52, 48, 57, 54, 120, 52, 48, 57, 54, 0, 11, 7, 49, 48, 48, 48, 48, 48, 48, 5, 69, 217, 129, 145, 156, 110, 180, 63, 36, 216, 19, 184, 208, 240, 177, 63, 45, 181, 222, 111, 180, 227, 176, 63, 141, 120, 87, 226, 166, 171, 176, 63, 58, 184, 207, 133, 236, 23, 177, 63, 7, 49, 57, 57, 53, 50, 54, 51, 5, 45, 26, 124, 171, 191, 111, 191, 63, 109, 254, 151, 31, 67, 125, 192, 63, 29, 23, 216, 218, 48, 135, 197, 63, 176, 236, 150, 165, 28, 90, 192, 63, 90, 53, 175, 186, 115, 0, 190, 63, 7, 51, 57, 56, 49, 48, 55, 52, 5, 108, 239, 50, 71, 127, 189, 207, 63, 86, 233, 241, 242, 169, 224, 200, 63, 6, 131, 183, 124, 46, 151, 200, 63, 118, 132, 196, 87, 234, 66, 203, 63, 245, 209, 45, 100, 67, 49, 204, 63, 7, 55, 57, 52, 51, 50, 56, 55, 5, 59, 69, 45, 30, 245, 47, 217, 63, 106, 114, 216, 77, 142, 218, 216, 63, 37, 142, 182, 214, 137, 254, 215, 63, 186, 188, 14, 220, 78, 233, 215, 63, 46, 38, 84, 117, 49, 91, 222, 63, 8, 49, 53, 56, 52, 56, 57, 52, 50, 5, 38, 76, 32, 62, 19, 222, 231, 63, 44, 38, 153, 73, 146, 191, 232, 63, 66, 237, 231, 175, 184, 161, 231, 63, 165, 113, 165, 39, 247, 174, 229, 63, 251, 247, 113, 24, 242, 214, 228, 63, 8, 51, 49, 54, 50, 50, 55, 57, 55, 5, 160, 43, 248, 10, 94, 182, 244, 63, 206, 74, 240, 12, 110, 225, 244, 63, 18, 115, 169, 71, 163, 61, 244, 63, 238, 237, 226, 114, 198, 60, 244, 63, 72, 132, 55, 133, 68, 107, 244, 63, 8, 54, 51, 48, 57, 53, 55, 55, 54, 5, 164, 124, 242, 196, 52, 78, 4, 64, 134, 96, 234, 33, 249, 10, 4, 64, 208, 197, 116, 91, 1, 37, 4, 64, 136, 153, 176, 15, 72, 248, 3, 64, 135, 125, 228, 209, 235, 37, 4, 64, 9, 49, 50, 53, 56, 57, 50, 54, 50, 53, 5, 129, 156, 215, 168, 236, 69, 20, 64, 177, 13, 114, 157, 154, 11, 20, 64, 120, 154, 199, 191, 161, 30, 20, 64, 178, 75, 117, 125, 246, 226, 19, 64, 210, 37, 162, 179, 90, 213, 19, 64, 9, 50, 53, 49, 49, 56, 56, 56, 49, 49, 5, 240, 196, 215, 151, 159, 185, 35, 64, 178, 44, 86, 220, 209, 169, 35, 64, 186, 159, 35, 87, 137, 249, 36, 64, 84, 142, 97, 255, 137, 158, 36, 64, 207, 250, 158, 213, 37, 213, 35, 64, 9, 53, 48, 49, 49, 56, 55, 53, 54, 57, 5, 67, 93, 118, 24, 43, 222, 51, 64, 165, 156, 32, 203, 49, 60, 52, 64, 22, 129, 238, 33, 26, 187, 53, 64, 191, 36, 124, 140, 197, 179, 51, 64, 110, 78, 75, 202, 226, 175, 52, 64, 10, 49, 48, 48, 48, 48, 48, 48, 54, 55, 48, 5, 162, 149, 179, 43, 248, 83, 68, 64, 255, 31, 138, 118, 19, 42, 68, 64, 27, 201, 75, 34, 46, 170, 67, 64, 192, 70, 209, 132, 223, 236, 67, 64, 151, 59, 84, 207, 89, 155, 67, 64]
