Hello, world!
log diff: 0.3
mult: 1.9952623149688795
points: 1000000
points: 1995263
points: 3981074
points: 7943287
points: 15848942
points: 31622797
points: 63095776
points: 125892625
points: 251188811
points: 501187569
points: 1000000670
Table {
    name: "TrivialSerial_4096x4096_1000000_to_1000000000_in_10_steps_5_reps_each",
    col_names: [],
    rows: [
        Row {
            name: "1000000",
            elems: [
                0.0725714,
                0.0690268,
                0.0578817,
                0.0589293,
                0.0578888,
            ],
        },
        Row {
            name: "1995263",
            elems: [
                0.1012773,
                0.1069154,
                0.116524,
                0.1165947,
                0.1153785,
            ],
        },
        Row {
            name: "3981074",
            elems: [
                0.2065389,
                0.196309,
                0.1888935,
                0.1827637,
                0.201849399,
            ],
        },
        Row {
            name: "7943287",
            elems: [
                0.3709853,
                0.3417076,
                0.3903127,
                0.3365695,
                0.368212699,
            ],
        },
        Row {
            name: "15848942",
            elems: [
                0.7012992,
                0.6864068,
                0.661853199,
                0.6385767,
                0.6211264,
            ],
        },
        Row {
            name: "31622797",
            elems: [
                1.2576580960000001,
                1.282744193,
                1.2587263929999999,
                1.421438191,
                1.291148293,
            ],
        },
        Row {
            name: "63095776",
            elems: [
                2.335701586,
                2.629548681,
                2.475354482,
                2.364394483,
                2.366744377,
            ],
        },
        Row {
            name: "125892625",
            elems: [
                4.581225852,
                4.745078767,
                4.996689368,
                4.575804166,
                4.56991023,
            ],
        },
        Row {
            name: "251188811",
            elems: [
                9.337307181,
                9.216605284,
                9.108339502,
                9.630411006,
                9.399145857,
            ],
        },
        Row {
            name: "501187569",
            elems: [
                18.688803959,
                18.377324599,
                17.980791865,
                18.056072548,
                18.544985346,
            ],
        },
        Row {
            name: "1000000670",
            elems: [
                37.988231196,
                37.357852811,
                34.120872711,
                33.573925655,
                33.655772505,
            ],
        },
    ],
}
[69, 84, 114, 105, 118, 105, 97, 108, 83, 101, 114, 105, 97, 108, 95, 52, 48, 57, 54, 120, 52, 48, 57, 54, 95, 49, 48, 48, 48, 48, 48, 48, 95, 116, 111, 95, 49, 48, 48, 48, 48, 48, 48, 48, 48, 48, 95, 105, 110, 95, 49, 48, 95, 115, 116, 101, 112, 115, 95, 53, 95, 114, 101, 112, 115, 95, 101, 97, 99, 104, 0, 11, 7, 49, 48, 48, 48, 48, 48, 48, 5, 179, 251, 159, 13, 10, 148, 178, 63, 28, 43, 140, 136, 189, 171, 177, 63, 91, 226, 18, 145, 171, 162, 173, 63, 133, 102, 141, 48, 251, 43, 174, 63, 165, 255, 155, 205, 153, 163, 173, 63, 7, 49, 57, 57, 53, 50, 54, 51, 5, 31, 194, 83, 35, 79, 237, 185, 63, 120, 82, 112, 194, 206, 94, 187, 63, 123, 248, 50, 81, 132, 212, 189, 63, 236, 13, 99, 119, 38, 217, 189, 63, 108, 90, 41, 4, 114, 137, 189, 63, 7, 51, 57, 56, 49, 48, 55, 52, 5, 65, 8, 109, 222, 221, 111, 202, 63, 22, 138, 116, 63, 167, 32, 201, 63, 38, 167, 118, 134, 169, 45, 200, 63, 169, 174, 50, 9, 205, 100, 199, 63, 117, 12, 182, 123, 51, 214, 201, 63, 7, 55, 57, 52, 51, 50, 56, 55, 5, 239, 253, 178, 32, 57, 190, 215, 63, 138, 219, 178, 141, 137, 222, 213, 63, 81, 169, 109, 30, 226, 250, 216, 63, 73, 48, 213, 204, 90, 138, 213, 63, 50, 82, 11, 255, 203, 144, 215, 63, 8, 49, 53, 56, 52, 56, 57, 52, 50, 5, 54, 192, 22, 5, 11, 113, 230, 63, 125, 16, 184, 100, 11, 247, 229, 63, 197, 167, 142, 194, 230, 45, 229, 63, 114, 154, 79, 103, 56, 111, 228, 63, 179, 212, 213, 120, 68, 224, 227, 63, 8, 51, 49, 54, 50, 50, 55, 57, 55, 5, 0, 234, 125, 24, 94, 31, 244, 63, 68, 26, 97, 198, 30, 134, 244, 63, 176, 192, 72, 73, 190, 35, 244, 63, 32, 22, 250, 248, 53, 190, 246, 63, 36, 138, 203, 28, 139, 168, 244, 63, 8, 54, 51, 48, 57, 53, 55, 55, 54, 5, 194, 174, 40, 80, 132, 175, 2, 64, 90, 20, 161, 209, 80, 9, 5, 64, 128, 147, 145, 166, 134, 205, 3, 64, 100, 159, 154, 167, 71, 234, 2, 64, 184, 167, 9, 173, 23, 239, 2, 64, 9, 49, 50, 53, 56, 57, 50, 54, 50, 53, 5, 13, 184, 167, 222, 44, 83, 18, 64, 5, 214, 164, 237, 245, 250, 18, 64, 218, 82, 63, 35, 156, 252, 19, 64, 115, 123, 119, 155, 159, 77, 18, 64, 250, 5, 30, 140, 150, 71, 18, 64, 9, 50, 53, 49, 49, 56, 56, 56, 49, 49, 5, 176, 51, 222, 134, 179, 172, 34, 64, 114, 215, 69, 227, 230, 110, 34, 64, 236, 232, 115, 70, 120, 55, 34, 64, 238, 157, 59, 59, 197, 66, 35, 64, 60, 76, 132, 216, 92, 204, 34, 64, 9, 53, 48, 49, 49, 56, 55, 53, 54, 57, 5, 165, 66, 205, 116, 85, 176, 50, 64, 107, 174, 76, 88, 152, 96, 50, 64, 156, 91, 248, 44, 21, 251, 49, 64, 7, 221, 63, 197, 90, 14, 50, 64, 135, 222, 221, 40, 132, 139, 50, 64, 10, 49, 48, 48, 48, 48, 48, 48, 54, 55, 48, 5, 126, 218, 29, 92, 126, 254, 66, 64, 106, 3, 244, 30, 206, 173, 66, 64, 167, 92, 202, 193, 120, 15, 65, 64, 186, 71, 87, 101, 118, 201, 64, 64, 166, 75, 123, 90, 240, 211, 64, 64]
Elapsed time: 364.15622438
