Hello, world!
log diff: 0.3
mult: 1.9952623149688795
points: 1000000
points: 1995263
points: 3981074
points: 7943287
points: 15848942
points: 31622797
points: 63095776
points: 125892625
points: 251188811
points: 501187569
points: 1000000670
Table {
    name: "SerialMethod8192x8192",
    col_names: [],
    rows: [
        Row {
            name: "1000000",
            elems: [
                0.139615298,
                0.138542698,
                0.139027798,
                0.139615098,
                0.137414198,
            ],
        },
        Row {
            name: "1995263",
            elems: [
                0.202924997,
                0.200999197,
                0.216114697,
                0.207444397,
                0.201302697,
            ],
        },
        Row {
            name: "3981074",
            elems: [
                0.325716395,
                0.365290695,
                0.371700195,
                0.352056395,
                0.397259594,
            ],
        },
        Row {
            name: "7943287",
            elems: [
                0.605818593,
                0.594226493,
                0.663319092,
                0.577502994,
                0.726674691,
            ],
        },
        Row {
            name: "15848942",
            elems: [
                1.112477887,
                1.144585787,
                1.028423488,
                0.968486189,
                0.95757088,
            ],
        },
        Row {
            name: "31622797",
            elems: [
                1.986315742,
                1.820484746,
                2.062364639,
                1.911622149,
                1.776730186,
            ],
        },
        Row {
            name: "63095776",
            elems: [
                3.394073574,
                3.385029392,
                3.426153354,
                3.402612055,
                3.396154402,
            ],
        },
        Row {
            name: "125892625",
            elems: [
                6.613674812,
                6.61292287,
                6.625233126,
                6.672212974,
                6.633339864,
            ],
        },
        Row {
            name: "251188811",
            elems: [
                13.182419572,
                13.0813142,
                13.139170867,
                13.015740901,
                13.03407473,
            ],
        },
        Row {
            name: "501187569",
            elems: [
                25.861461,
                25.87465295,
                26.181746186,
                25.937552678,
                25.921491521,
            ],
        },
        Row {
            name: "1000000670",
            elems: [
                51.519673169,
                51.760539177,
                51.597361824000004,
                51.623392542,
                51.705138514,
            ],
        },
    ],
}
[21, 83, 101, 114, 105, 97, 108, 77, 101, 116, 104, 111, 100, 56, 49, 57, 50, 120, 56, 49, 57, 50, 0, 11, 7, 49, 48, 48, 48, 48, 48, 48, 5, 166, 52, 119, 1, 234, 222, 193, 63, 185, 58, 129, 98, 196, 187, 193, 63, 229, 139, 210, 178, 169, 203, 193, 63, 250, 10, 248, 83, 232, 222, 193, 63, 188, 65, 53, 215, 201, 150, 193, 63, 7, 49, 57, 57, 53, 50, 54, 51, 5, 120, 244, 211, 64, 114, 249, 201, 63, 199, 145, 209, 120, 87, 186, 201, 63, 189, 100, 230, 121, 165, 169, 203, 63, 138, 61, 109, 186, 137, 141, 202, 63, 159, 21, 27, 106, 73, 196, 201, 63, 7, 51, 57, 56, 49, 48, 55, 52, 5, 245, 241, 18, 148, 137, 216, 212, 63, 22, 184, 35, 57, 236, 96, 215, 63, 211, 70, 92, 157, 239, 201, 215, 63, 161, 217, 183, 139, 23, 136, 214, 63, 170, 36, 16, 129, 179, 108, 217, 63, 7, 55, 57, 52, 51, 50, 56, 55, 5, 172, 204, 135, 172, 221, 98, 227, 63, 185, 65, 59, 71, 231, 3, 227, 63, 48, 122, 222, 245, 232, 57, 229, 63, 132, 78, 18, 143, 231, 122, 226, 63, 5, 161, 21, 72, 235, 64, 231, 63, 8, 49, 53, 56, 52, 56, 57, 52, 50, 5, 205, 2, 227, 156, 181, 204, 241, 63, 78, 26, 170, 47, 57, 80, 242, 63, 58, 95, 246, 47, 108, 116, 240, 63, 224, 62, 140, 191, 214, 253, 238, 63, 76, 118, 166, 175, 107, 164, 238, 63, 8, 51, 49, 54, 50, 50, 55, 57, 55, 5, 54, 184, 246, 3, 243, 199, 255, 63, 104, 253, 238, 156, 180, 32, 253, 63, 108, 116, 39, 8, 185, 127, 0, 64, 83, 58, 68, 27, 1, 150, 254, 63, 216, 249, 170, 161, 124, 109, 252, 63, 8, 54, 51, 48, 57, 53, 55, 55, 54, 5, 248, 97, 196, 11, 16, 39, 11, 64, 48, 28, 53, 74, 138, 20, 11, 64, 240, 21, 244, 22, 195, 104, 11, 64, 83, 154, 73, 171, 140, 56, 11, 64, 47, 13, 198, 255, 82, 43, 11, 64, 9, 49, 50, 53, 56, 57, 50, 54, 50, 53, 5, 1, 173, 127, 43, 103, 116, 26, 64, 90, 123, 134, 13, 162, 115, 26, 64, 243, 46, 210, 28, 61, 128, 26, 64, 139, 27, 13, 153, 88, 176, 26, 64, 72, 136, 204, 62, 138, 136, 26, 64, 9, 50, 53, 49, 49, 56, 56, 56, 49, 49, 5, 216, 199, 31, 25, 102, 93, 42, 64, 155, 102, 203, 3, 162, 41, 42, 64, 86, 164, 100, 103, 65, 71, 42, 64, 87, 2, 254, 48, 15, 8, 42, 64, 168, 240, 53, 62, 114, 17, 42, 64, 9, 53, 48, 49, 49, 56, 55, 53, 54, 57, 5, 138, 199, 69, 181, 136, 220, 57, 64, 149, 153, 119, 65, 233, 223, 57, 64, 241, 10, 5, 235, 134, 46, 58, 64, 135, 73, 202, 115, 3, 240, 57, 64, 126, 60, 74, 222, 230, 235, 57, 64, 10, 49, 48, 48, 48, 48, 48, 48, 54, 55, 48, 5, 90, 187, 128, 166, 132, 194, 73, 64, 88, 69, 6, 89, 89, 225, 73, 64, 190, 250, 44, 90, 118, 204, 73, 64, 235, 58, 170, 83, 203, 207, 73, 64, 216, 99, 148, 250, 65, 218, 73, 64]
